tail = 0.10; S=5;
IS ANS
---------------------------------------------
a =

    0.1112    0.1167    0.1168    0.1182    0.1158    0.1096    0.1123    0.1197    0.1115    0.1082


v =

    0.0161    0.0169    0.0180    0.0165    0.0164    0.0158    0.0161    0.0177    0.0146    0.0144


ans =

    0.1140


ans =

    0.0163