tail = 0.20; S=5;
IS ANS
---------------------------------------------
a =

    0.0098    0.0091    0.0087    0.0088    0.0084    0.0087    0.0082    0.0086    0.0086    0.0087


v =

   1.0e-03 *

    0.3030    0.1943    0.1915    0.1918    0.1912    0.2073    0.1978    0.2051    0.1952    0.2049


ans =

    0.0088


ans =

   2.0819e-04