tail = 0.20; S=20;
IS ANS
---------------------------------------------
a =

   1.0e-03 *

    0.0414    0.0232    0.0367    0.0245    0.0186    0.0196    0.0436    0.0488    0.0327    0.1047


v =

   1.0e-05 *

    0.0378    0.0021    0.0054    0.0025    0.0005    0.0007    0.0139    0.0348    0.0052    0.3909


ans =

   3.9383e-05


ans =

   4.9387e-07