tail = 0.20; S=10;
IS ANS
---------------------------------------------

a =

    0.0009    0.0009    0.0008    0.0009    0.0008    0.0009    0.0009    0.0009    0.0009    0.0010


v =

   1.0e-05 *

    0.3620    0.4471    0.3699    0.3887    0.2942    0.3046    0.5286    0.3661    0.4128    0.5688


ans =

   8.9414e-04 <==> 0.00089414
   

ans =

   4.0429e-06