tail = 0.10; S=10;
IS ANS
---------------------------------------------
a =

    0.0780    0.0778    0.0813    0.0770    0.0735    0.0743    0.0720    0.0736    0.0731    0.0768


v =

    0.0095    0.0109    0.0119    0.0098    0.0097    0.0097    0.0091    0.0106    0.0082    0.0107


ans =

    0.0757


ans =

    0.0100