tail = 0.20; S=10;
IS ANS
---------------------------------------------
a =

   1.0e-03 *

    0.7507    0.8330    0.8339    0.7604    0.9033    0.9408    0.8988    0.8601    0.8502    0.7893


v =

   1.0e-05 *

    0.2050    0.2601    0.4064    0.2237    0.4164    0.3989    0.3956    0.2840    0.3560    0.2526


ans =

   8.4207e-04


ans =

   3.1987e-06