tail = 0.20; S=5;
IS ANS
---------------------------------------------
a =

    0.0090    0.0080    0.0090    0.0082    0.0082    0.0078    0.0084    0.0091    0.0081    0.0085


v =

   1.0e-03 *

    0.2321    0.1913    0.2307    0.1883    0.1959    0.1678    0.2023    0.2286    0.1671    0.1945


ans =

    0.0084


ans =

   1.9986e-04