tail = 0.10; S=5;
IS ANS
---------------------------------------------
a =

    0.1104    0.1056    0.1046    0.1120    0.1058    0.1054    0.1054    0.1055    0.1066    0.1125


v =

    0.0167    0.0148    0.0152    0.0173    0.0148    0.0153    0.0143    0.0160    0.0152    0.0158


ans =

    0.1074


ans =

    0.0155