tail = 0.10; S=20;
IS ANS
---------------------------------------------
a =

    0.0497    0.0403    0.0400    0.0454    0.0549    0.0428    0.0488    0.0481    0.0428    0.0359


v =

    0.0682    0.0178    0.0192    0.0316    0.1526    0.0266    0.0940    0.0318    0.0183    0.0151


ans =

    0.0449


ans =

    0.0475