tail = 0.10; S=10;
IS ANS
---------------------------------------------
a =

    0.0860    0.0852    0.0787    0.0809    0.0806    0.0873    0.0842    0.0872    0.0793    0.0824


v =

    0.0127    0.0164    0.0122    0.0140    0.0132    0.0126    0.0154    0.0138    0.0129    0.0111


ans =

    0.0832


ans =

    0.0134